LBP_0,LBP_1,LBP_2,LBP_3,LBP_4,LBP_5,LBP_6,LBP_7,LBP_8,LBP_9,Filename,Label
0.004245758056639006,0.01853179931639918,0.013771057128900997,0.10038375854488359,0.19117736816398956,0.18678665161125688,0.04730224609373196,0.05365753173826078,0.3458671569822899,0.03827667236326665,r2_Im064_prep.png,0
0.005813598632810282,0.02119064331053879,0.017932891845696283,0.1023635864257422,0.19795227050773698,0.172649383544856,0.05312347412107348,0.049713134765606036,0.3331375122069042,0.04612350463865428,r3_N-26-R_left_half_prep.png,0
0.0039176940917953805,0.021099090576163826,0.011318206787105057,0.10345458984371053,0.11715698242183031,0.18127822875969649,0.04888916015623135,0.07099533081051979,0.40205764770492475,0.039833068847641054,r1_Im143_prep.png,0
0.005340576171872963,0.018890380859367794,0.014003753662104034,0.09551239013668232,0.1766510009764951,0.18056869506829049,0.04652404785154475,0.06201934814450759,0.35833740234361333,0.04215240478514017,r1_Im003_prep.png,0
0.005416870117185434,0.020191192626945423,0.014270782470697681,0.09362411499019865,0.17586135864251104,0.19099044799797402,0.04826354980466909,0.058204650878884046,0.34889984130846063,0.044277191162092486,r2_Im124_prep.png,0
0.0033111572265612367,0.016784667968743595,0.008678436279293565,0.09473037719722949,0.116359710693315,0.19752883911125277,0.03921508789061004,0.07277297973630037,0.41525268554671657,0.035366058349595886,r2_Im013_prep.png,0
0.0028114318847645525,0.015735626220697123,0.00902938842773093,0.09215164184566797,0.16111373901361042,0.20491409301749997,0.03927612304686002,0.06295776367185098,0.37783050537094964,0.03417968749998696,r2_Im012_prep.png,0
0.005893707275388377,0.022060394287100958,0.01601409912108764,0.09648513793941632,0.15087127685541118,0.17986297607415014,0.05123519897458983,0.06340026855466331,0.3648452758787671,0.04933166503904368,r2_Im188_prep.png,0
0.0027770996093739405,0.01941299438475822,0.005092620849607432,0.10234451293941409,0.06404113769528808,0.16599655151360856,0.03490829467772106,0.08534240722652994,0.48767852783184523,0.03240585327147201,r3_N-62-R_left_half_prep.png,0
0.003360748291014343,0.015785217285150227,0.011970520019526684,0.09066772460934042,0.20320129394523498,0.19807434082023695,0.04285049438474928,0.05312347412107348,0.34355545043932206,0.0374107360839701,r2_Im026_prep.png,0
0.005149841308591785,0.017749786376946353,0.015727996826165876,0.10185623168941427,0.21240234374991898,0.18022918701165,0.050178527832012106,0.04653930664060724,0.3313713073729205,0.03879547119139145,r3_N-14-R_left_half_prep.png,0
0.004776000976560678,0.022022247314444725,0.013416290283198008,0.10378646850581978,0.15018463134759896,0.17811584472649455,0.05143737792966788,0.06536483764645944,0.3667793273924382,0.0441169738769363,r1_Im008_prep.png,0
0.003837585449217286,0.018501281738274193,0.011920928955073578,0.1009864807128521,0.1534767150878321,0.18907165527336536,0.046054840087873056,0.061714172363257706,0.3781890869139182,0.03624725341795492,r1_Im149_prep.png,0
0.0035667419433580145,0.018676757812492874,0.0076522827148408305,0.09962844848629011,0.09354400634762057,0.17086791992180983,0.03701782226561088,0.07637786865231462,0.45812988281232525,0.03453826904295557,r3_N-13-L_left_half_prep.png,0
0.004032135009764087,0.016967773437493526,0.011306762695308187,0.09655761718746317,0.13800430297846297,0.18688583374016307,0.040050506591781596,0.06762313842770858,0.4012641906736751,0.03730773925779827,r1_Im041_prep.png,0
0.004184722900389029,0.023845672607412778,0.010662078857417807,0.10351562499996052,0.10897064208980219,0.17563629150383925,0.050193786621074606,0.07343673706051886,0.40403747558578335,0.04551696777342014,r3_N-68-R_left_half_prep.png,0
0.0037651062011704386,0.018791198730461582,0.012596130371088945,0.10027694702144613,0.16603088378899916,0.19497680664055062,0.04688262939451337,0.06010818481443019,0.3560371398924423,0.04053497314451579,r2_Im110_prep.png,0
0.004249572753904629,0.016963958740227904,0.012584686279292075,0.09252548217769908,0.19041442871086486,0.1842002868651641,0.04310989379881168,0.05603790283200987,0.3630332946775959,0.03688049316404843,r1_Im036_prep.png,0
0.003814697265623545,0.01525878906249418,0.010726928710933408,0.09846496582027493,0.18780517578117836,0.18757629394524095,0.04027557373045339,0.05750656127927494,0.368038177490094,0.030532836914050853,r1_Im037_prep.png,0
0.003578186035154885,0.018466949462883582,0.01081466674804275,0.10235595703121095,0.15251922607416057,0.19398880004875413,0.04739379882810692,0.06430816650388171,0.3708992004393116,0.03567504882811139,r2_Im182_prep.png,0
0.0036087036132798735,0.017807006835930707,0.01245117187499525,0.0938415527343392,0.15211105346673884,0.20226669311515721,0.04494094848631098,0.06480407714841278,0.3700180053709526,0.038150787353501074,r2_Im019_prep.png,0
0.0018806457519524077,0.013805389404291608,0.004798889160154419,0.09471511840816699,0.08161163330075012,0.2003326416014861,0.0320472717285034,0.0770072937011425,0.4678115844724778,0.02598953247069321,r2_Im018_prep.png,0
0.003921508789061004,0.021083831787101333,0.01222610473632346,0.10566329956050657,0.14881896972650574,0.1849441528319607,0.05041885375974639,0.061504364013648415,0.37057876586899924,0.04084014892576567,r3_N-50-R_left_half_prep.png,0
0.0026588439941396106,0.018028259277336874,0.00889968872069973,0.10038757324214921,0.1341972351073707,0.1969985961913311,0.04343414306638968,0.06927490234372358,0.39243698120102216,0.0336837768554559,r2_Im236_prep.png,0
0.004104614257810934,0.018760681152336593,0.013778686523432244,0.09871292114254047,0.182559967040946,0.18918609619133409,0.048542022705059605,0.055149078369119586,0.3479690551756485,0.04123687744139052,r2_Im050_prep.png,0
0.0036735534667954738,0.019077301025383346,0.009929656982418086,0.10425186157222585,0.1398239135741654,0.17972946166985332,0.04519653320310776,0.06669998168942769,0.396522521972505,0.035095214843736615,r1_Im087_prep.png,0
0.0030059814453113533,0.02027511596678914,0.00811386108398128,0.10303878784175757,0.10698699951167794,0.18197250366203996,0.04572677612302943,0.07402420043942488,0.4210472106931988,0.03580856323240821,r1_Im086_prep.png,0
0.0040550231933578285,0.017955780029290026,0.013675689697260409,0.09670639038082249,0.18961715698234954,0.19562911987297224,0.0481033325195129,0.053424835205057745,0.3409538269041668,0.03987884521482854,r2_Im132_prep.png,0
0.003711700439451709,0.017654418945305766,0.01081466674804275,0.09771728515621272,0.1303253173827628,0.1853981018065699,0.0419960021972496,0.06577301025388116,0.40872192382796907,0.037887573242173046,r1_Im015_prep.png,0
0.004093170166014064,0.01814270019530558,0.012557983398432709,0.09646987915035382,0.1478576660155686,0.1876640319823503,0.04142761230467169,0.06438827514645981,0.38597869873032153,0.04141998291014045,r1_Im014_prep.png,0
0.0040016174316390984,0.022335052490225854,0.009967803955074322,0.10317611694332002,0.11776351928706445,0.18069458007805608,0.049480438232403,0.07126617431637906,0.3991813659666446,0.042133331298812055,r1_Im155_prep.png,0
0.003822326660154792,0.019870758056633044,0.009937286376949335,0.10382461547847602,0.13010787963862225,0.18340301513664878,0.043804168701155166,0.06855773925778634,0.399177551269379,0.037494659423813824,r3_N-42-R_left_half_prep.png,0
0.0028038024902333055,0.01569366455077526,0.010025024414058675,0.08946990966793462,0.15876770019525194,0.20732498168937405,0.04098510742185937,0.0605621337890394,0.3783149719236838,0.03605270385740812,r2_Im004_prep.png,0
0.005043029785154326,0.023292541503897365,0.013439178466791749,0.10304641723628881,0.12440872192378066,0.17346572875969946,0.0519599914550583,0.06849670410153637,0.3900985717771949,0.04674911499021654,r3_N-39-L_left_half_prep.png,0
0.005748748779294682,0.020603179931632767,0.01734542846679026,0.10493087768550685,0.1771965026854793,0.180908203124931,0.053890228271463815,0.054256439208963676,0.3386459350584646,0.046474456787091646,r3_N-8-L_left_half_prep.png,0
0.005256652832029245,0.019565582275383162,0.01597976684569703,0.10095977783199274,0.1797904968261033,0.1795005798339159,0.052070617675761384,0.05555725097654131,0.3474388122557268,0.04388046264646764,r1_Im062_prep.png,0
0.004570007324217007,0.01917648315428956,0.014373779296869517,0.10356140136714799,0.18944549560539647,0.18018341064446253,0.0493507385253718,0.05425262451169805,0.34407806396471247,0.04100799560545311,r1_Im063_prep.png,0
0.003284454345701872,0.020225524902336034,0.007186889648434758,0.09796142578121263,0.08083724975582854,0.16695022583001443,0.036682128906236004,0.07762908935543913,0.4716186523435701,0.037624359130845025,r3_N-48-R_left_half_prep.png,0
0.005195617675779268,0.020401000976554718,0.014396667480463258,0.10137939453121132,0.16709899902337375,0.17695236206047937,0.04997253417966844,0.058635711669899504,0.3636932373045488,0.042274475097640124,r1_Im056_prep.png,0
0.0032310485839831425,0.017242431640618422,0.010921478271480208,0.09887313842769666,0.16337203979485956,0.1933860778807856,0.04276275634763994,0.0633811950683352,0.3709373474119679,0.035892486572251935,r1_Im057_prep.png,0
0.0037841796874985563,0.018280029296868026,0.011985778808589177,0.09782791137691581,0.18280029296868028,0.19473648071281635,0.04712677001951327,0.05541610717771323,0.3507919311522099,0.037250518798813914,r2_Im078_prep.png,0
0.005489349365232281,0.021354675292960604,0.017047882080071623,0.10250473022457027,0.16394042968743747,0.17568969726555797,0.0542106628417762,0.056846618652322066,0.3564720153807234,0.04644393920896666,r3_N-7-L_left_half_prep.png,0
0.004901885986326255,0.020538330078117166,0.014717102050775636,0.09759140014644714,0.1609497070311886,0.1887664794921155,0.05123519897458983,0.06076431274411744,0.35612106323228604,0.04441452026365493,r2_Im170_prep.png,0
0.0025177001953115394,0.014690399169916272,0.006980895996091087,0.09570312499996349,0.11281585693355071,0.20899963378898279,0.03742218017576698,0.07049179077145748,0.42054367065413645,0.029834747314441745,r2_Im030_prep.png,0
0.003520965576170532,0.02235031127928835,0.011215209960933222,0.10684204101558424,0.13071060180659078,0.1862869262694602,0.053756713867166996,0.0661849975585685,0.3798522949217301,0.039279937744125644,r3_N-70-R_left_half_prep.png,0
0.0022735595703116326,0.014026641845697773,0.007179260253903512,0.09420013427730782,0.1188087463378453,0.20439910888664078,0.03561782836912704,0.07007980346677015,0.42490386962874416,0.028511047363270373,r2_Im031_prep.png,0
0.004356384277342088,0.021347045898429357,0.011852264404292354,0.09998703002925874,0.1464004516601004,0.1844558715819609,0.04811096191404415,0.06644058227536528,0.3753433227537631,0.041706085205062214,r2_Im138_prep.png,0
0.0047416687011700666,0.022731781005850705,0.015590667724603428,0.10415267944331964,0.16608047485345226,0.17437744140618347,0.05578231811521309,0.0568199157714627,0.35386276245103687,0.04586029052732626,r1_Im116_prep.png,0
0.006172180175778895,0.021816253662101052,0.016548156738274936,0.09693145751949428,0.1607208251952512,0.1810874938964153,0.05156326293943345,0.06221008300778877,0.3532142639158809,0.04973602294919978,r2_Im220_prep.png,0
0.00407791137695157,0.021583557128898017,0.011135101318355127,0.10241317749019531,0.13078689575190322,0.180908203124931,0.05002212524412154,0.06912231445309863,0.3874588012693834,0.042491912841780666,r1_Im161_prep.png,0
0.005432128906247928,0.021553039550773027,0.014659881591791282,0.09794235229488452,0.15410232543939434,0.1859016418456322,0.049564361572246717,0.0636100769042726,0.3586463928221288,0.04858779907224709,r2_Im194_prep.png,0
0.004734039306638819,0.019351959228508242,0.010101318359371147,0.09118652343746521,0.12267684936518758,0.1805076599120405,0.03953933715818804,0.07346725463864386,0.41504669189437293,0.0433883666992022,r1_Im020_prep.png,0
0.0034217834472643196,0.02013397216796107,0.01029968261718357,0.10493087768550685,0.1430969238280704,0.18427276611321095,0.04800415039060669,0.06596374511716234,0.38335800170883816,0.03651809692381419,r1_Im129_prep.png,0
0.0044555664062483,0.020324707031242246,0.013179779052729348,0.09913253784175906,0.16047286987298565,0.18537902832024178,0.048313140869122195,0.062011718749976345,0.3628387451170491,0.043891906738264506,r2_Im106_prep.png,0
0.004180908203123405,0.02028656005858601,0.014934539794916178,0.10138320922847695,0.17321777343743391,0.18475341796867953,0.052734374999979884,0.05538177490232262,0.35035705566392883,0.04277038574217119,r3_N-75-R_left_half_prep.png,0
0.0029945373535144827,0.019771575927726832,0.010295867919917948,0.10742568969722464,0.14429855346674184,0.19105911254875524,0.048271179199200334,0.06365966796872571,0.37845611572251187,0.03376770019529962,r3_N-86-R_left_half_prep.png,0
0.00407791137695157,0.0207710266113202,0.01233291625976092,0.1001434326171493,0.12834167480463854,0.18854904174797496,0.051658630371074044,0.0673675537109118,0.3818626403807137,0.0448951721191235,r1_Im012_prep.png,0
0.006469726562497532,0.019668579101554996,0.015064239501947378,0.10142898559566443,0.1567687988280652,0.1693267822264979,0.04579925537107628,0.0626525878906011,0.3802413940428237,0.042579650878890006,r3_N-54-R_left_half_prep.png,0
0.0032043457031237775,0.018825531005852193,0.00873947143554354,0.10405349731441343,0.12352752685542162,0.1853485107421168,0.044532775878889264,0.06915664672848924,0.40774536132796946,0.0348663330077992,r1_Im080_prep.png,0
0.004367828369138959,0.020244598388664152,0.012237548828120332,0.10030746459957111,0.13370513916010524,0.1894340515135996,0.04768371582029431,0.06883239746091124,0.38118362426743274,0.04200363159178085,r2_Im134_prep.png,0
0.003822326660154792,0.01857376098632104,0.012432098388667132,0.09513473510738558,0.15219116210931694,0.20483016967765624,0.046852111816388375,0.06344223022458517,0.36298751831040843,0.039733886718734845,r2_Im074_prep.png,0
0.0031585693359362952,0.02149200439452305,0.009429931640621402,0.10603332519527205,0.12016677856440729,0.18518066406242936,0.05035018920896517,0.07057189941403558,0.39580535888656776,0.037811279296860574,r1_Im153_prep.png,0
0.0034332275390611903,0.02095413208007013,0.009960174560543076,0.10476684570308503,0.1101722717284736,0.18020248413079062,0.04786300659177862,0.07212066650387874,0.4099044799803124,0.04062271118162513,r1_Im152_prep.png,0
0.005107879638669927,0.020137786865226694,0.016414642333978113,0.10432052612300707,0.19321060180656693,0.1770858764647762,0.05109405517576176,0.05110168457029301,0.33969116210924544,0.041835784912093416,r3_N-28-R_left_half_prep.png,0
0.0054092407226541865,0.018112182617180592,0.014533996582025706,0.0991897583007434,0.19193267822258303,0.18880462646477172,0.04747772216795064,0.05364227294919829,0.34314727783190035,0.0377502441406106,r2_Im090_prep.png,0
0.00534820556640421,0.023159027099600542,0.014385223388666388,0.10530090332027232,0.1400489807128372,0.17995071411125949,0.05551147460935382,0.06301498413083534,0.367774963378766,0.045505523681623264,r1_Im125_prep.png,0
0.004325866699217099,0.022724151611319455,0.01034164428710543,0.10224151611324225,0.10418319702144463,0.17490768432610515,0.0462722778320136,0.07353591918942508,0.417255401611169,0.04421234130857688,r3_N-10-R_left_half_prep.png,0
0.0026512145996083637,0.01989746093749241,0.007045745849606687,0.10475540161128816,0.08823013305660697,0.1837425231932893,0.04545593261717016,0.07949447631832905,0.43520736694319334,0.03351974487303409,r1_Im159_prep.png,0
0.004371643066404582,0.020709991455070225,0.011478424072261247,0.10160827636714874,0.14194869995111772,0.182823181152274,0.04761886596677871,0.06715393066403688,0.380065917968605,0.042221069335921395,r2_Im176_prep.png,0
0.0025787353515615164,0.021911621093741642,0.003814697265623545,0.09950637817379017,0.043964385986311354,0.15670013427728396,0.034236907958971316,0.0901794433593406,0.5127716064451169,0.034336090087877524,r3_N-66-R_left_half_prep.png,0
0.003139495849608177,0.01916885375975831,0.007175445556637888,0.09749603271480656,0.09913253784175906,0.17824935913079137,0.03830337524412601,0.07573699951168986,0.4447975158689709,0.03680038452147034,r1_Im050_prep.png,0
0.004978179931638726,0.019741058349601843,0.014919281005853683,0.09515762329097932,0.19017410278313057,0.18657302856438196,0.04848098754880963,0.05411911010740123,0.3427696228026036,0.04308700561521794,r2_Im036_prep.png,0
0.003814697265623545,0.021591186523429264,0.010658264160152184,0.10295867919917948,0.10799789428706817,0.18262481689446158,0.04824066162107535,0.07625961303708029,0.4039878845213303,0.0418663024902184,r2_Im250_prep.png,0
0.004211425781248394,0.019634246826164384,0.010250091552730465,0.09156417846676194,0.1190032958983921,0.18474578857414828,0.041801452636702804,0.0720481872558319,0.4117012023924211,0.045040130615217194,r1_Im019_prep.png,0
0.003101348876951942,0.01707839965819661,0.011394500732417528,0.10240936279292968,0.1729049682616528,0.19796752929679948,0.045677185058576326,0.05706024169919698,0.35826110839830083,0.03414535522459635,r2_Im148_prep.png,0
0.004108428955076558,0.020484924316398437,0.01210784912108913,0.10452270507808513,0.14030075073236836,0.18484497070305447,0.049407958984356154,0.06369781494138195,0.38127136230454206,0.039253234863266276,r3_N-90-R_left_half_prep.png,0
0.004604339599607619,0.019626617431633138,0.012596130371088945,0.09880828857418106,0.1574172973632212,0.18360900878899244,0.048015594482403556,0.061950683593726366,0.3732147216795451,0.040157318115219054,r1_Im166_prep.png,0
0.005485534667966657,0.021205902099601284,0.01502227783202552,0.09852600097652492,0.15077590942377062,0.1873092651366473,0.052303314208964426,0.06310272216794467,0.35996627807603454,0.046302795410138584,r2_Im040_prep.png,0
0.006629943847653721,0.022010803222647854,0.01898193359374276,0.0995292663573839,0.1757736206054017,0.1754341125487612,0.05495452880857279,0.05465698242185415,0.34201049804674455,0.05001831054685592,r3_N-25-L_left_half_prep.png,0
0.0024185180664053276,0.020744323730460836,0.003997802734373475,0.09875488281246232,0.05263137817380805,0.1619033813475945,0.03443527221678374,0.08617401123043587,0.5044898986814482,0.03445053100584623,r3_N-22-R_left_half_prep.png,0
0.004665374755857595,0.019092559814445843,0.01473236083983813,0.10227584838863286,0.17799758911126023,0.1843605041503203,0.05012130737302776,0.05622482299802543,0.34963226318346036,0.040897369384750026,r2_Im100_prep.png,0
0.0036811828613267207,0.01899337768553963,0.011856079101557978,0.10090255737300838,0.16043472290032942,0.19338989257805123,0.04743576049802878,0.0614051818847422,0.36347961425767383,0.038421630859360345,r2_Im192_prep.png,0
0.002487182617186551,0.01609802246093136,0.0068817138671848745,0.09830474853511875,0.10951232910152073,0.19588851928703466,0.03787612915037618,0.07650375366208019,0.42534255981429087,0.031105041503894384,r1_Im026_prep.png,0
0.002868652343748906,0.01630401611327503,0.00883483886718413,0.09940719604488395,0.12068176269526647,0.19880676269523667,0.03989410400389103,0.0735092163085657,0.40622711181625126,0.03346633911131536,r1_Im027_prep.png,0
0.0046691894531232184,0.017688751220696377,0.012573242187495203,0.0889320373534817,0.182174682617118,0.19895935058586162,0.041370391845687346,0.05842208862302459,0.3530960083006466,0.042114257812483936,r2_Im009_prep.png,0
0.005001068115232467,0.020980834960929496,0.012950897216791935,0.10308837890621067,0.1319007873534653,0.17792129516594776,0.04838943481443467,0.0671577453613025,0.3891906738279765,0.04341888427732719,r1_Im145_prep.png,0
0.00469207763671696,0.022312164306632114,0.01154708862304247,0.09951400756832142,0.12370681762690594,0.17473602294915208,0.04645919799802915,0.06998443603512955,0.4020690917967216,0.044979095458967215,r3_N-82-R_left_half_prep.png,0
0.004131317138670299,0.017993927001946262,0.013320922851557419,0.09950256347652454,0.21118545532218505,0.18313598632805514,0.04648971557615414,0.04981231689451225,0.33773803710924616,0.036689758300767254,r2_Im122_prep.png,0
0.0043449401855452175,0.02243804931639769,0.013568878173822949,0.10376358032222605,0.1399040222167435,0.18308258056633642,0.05313110351560473,0.06374359130856944,0.37148666381821766,0.04453659057615489,r3_N-85-L_left_half_prep.png,0
0.006118774414060166,0.021305084228507496,0.014888763427728696,0.0945053100585577,0.1746215820311834,0.17757797241204162,0.04657363891599786,0.061275482177711,0.3569145202635357,0.04621887207029487,r1_Im004_prep.png,0
0.004753112792966937,0.024139404296865792,0.013183593749994971,0.1024589538573828,0.1231346130370624,0.1809577941893841,0.05489730834958843,0.06837463378903642,0.3795433044432146,0.048557281494122105,r3_N-30-R_left_half_prep.png,0
0.005336761474607339,0.020965576171867003,0.014278411865228928,0.09868240356441547,0.16954040527337283,0.18600082397453843,0.049312591552715564,0.06043624877927382,0.35022735595689763,0.0452194213867015,r2_Im154_prep.png,0
0.0033035278320299897,0.02102661132811698,0.01038360595702729,0.10814285278316187,0.13712310791010393,0.19132232666008325,0.053077697753886,0.06502151489255333,0.3744277954100134,0.03617095947264245,r1_Im073_prep.png,0
0.004215240478514017,0.020915985107413895,0.014347076416010152,0.10722732543941223,0.16741180419915488,0.18294525146477397,0.05301666259763602,0.05501556396482276,0.3534889221190058,0.041416168212874825,r3_N-4-R_left_half_prep.png,0
0.004360198974607711,0.019748687744133093,0.01432418823241641,0.10513687133785052,0.17901992797844735,0.18679809570305375,0.052410125732401884,0.05305480957029226,0.34442901611314986,0.040718078613265714,r1_Im133_prep.png,0
0.003257751464842507,0.020282745361320388,0.01128768920898007,0.10598373413081895,0.15064620971673942,0.1905517578124273,0.05065536499021505,0.060989379882789234,0.36981201171860895,0.03653335571287669,r3_N-3-L_left_half_prep.png,0
0.0034141540527330727,0.020008087158195492,0.011539459228511222,0.1040153503417572,0.15583801269525305,0.19156265258781754,0.051883697509745835,0.05914688110349306,0.3656425476072824,0.03694915771482966,r1_Im132_prep.png,0
0.004558563232420136,0.01779937744139946,0.013359069824213653,0.09741973876949409,0.1894798278807871,0.1922836303710204,0.046855926513654,0.052539825439433085,0.34904861450181995,0.03665542602537664,r2_Im086_prep.png,0
0.004650115966795101,0.018173217773430568,0.01124572753905821,0.09098052978512154,0.15933990478509547,0.19758987426750274,0.04154586791990603,0.06454086303708476,0.37041854858384304,0.04151535034178104,r2_Im014_prep.png,0
0.003482818603514296,0.01982116699217994,0.011024475097652045,0.09955596923824327,0.146495819091741,0.19397735595695725,0.048088073730450404,0.0638351440429444,0.3739700317381386,0.03974914550779734,r2_Im246_prep.png,0
0.003257751464842507,0.01682281494139983,0.011325836181636304,0.0978736877441033,0.17515182495110507,0.19330978393547313,0.0436477661132646,0.05969238281247723,0.36125183105454967,0.03766632080076688,r2_Im020_prep.png,0
0.005039215087888703,0.016265869140618797,0.012798309326166993,0.09369277954097989,0.18468093872063268,0.1957473754882066,0.04354858398435839,0.056148529052712955,0.35551071166978626,0.0365676879882673,r2_Im021_prep.png,0
0.0063171386718725905,0.02127838134764813,0.016460418701165595,0.09717941284175981,0.18829345703117817,0.17290878295891843,0.05057907104490258,0.05778884887693108,0.34165573120104153,0.04753875732420062,r2_Im128_prep.png,0
0.003135681152342554,0.01607894897460324,0.009235382080074602,0.0912322998046527,0.13367080688471464,0.19781494140617453,0.03726196289061078,0.06643676757809966,0.4096641540525781,0.03546905517576772,r1_Im046_prep.png,0
0.0036468505859361088,0.017578124999993294,0.012290954589839061,0.09572219848629161,0.17700958251946372,0.19387817382805103,0.044040679931623826,0.06024169921872702,0.35832595825181646,0.03726577758787641,r1_Im047_prep.png,0
0.0036239624023423674,0.02094268798827326,0.011779785156245507,0.10651016235347499,0.1462097167968192,0.1868400573729756,0.05152511596677722,0.062477111816382415,0.371696472167827,0.03839492797850098,r3_N-88-R_left_half_prep.png,0
0.003711700439451709,0.019580841064445655,0.012397766113276521,0.10012054443355556,0.15979003906243905,0.1895141601561777,0.048515319824200244,0.06078338623044556,0.3657646179197823,0.039821624755844186,r2_Im068_prep.png,0
0.004520416259763901,0.021678924560538604,0.01213836669921412,0.09988784790035252,0.15661621093744024,0.1827735900878209,0.05006790161130902,0.0623931884765387,0.3672103881834537,0.04271316528318683,r1_Im031_prep.png,0
0.004062652587889075,0.019912719726554905,0.011993408203120426,0.10460662841792885,0.14855957031244332,0.18054580688469676,0.048595428466778334,0.0634613037109133,0.38093566894516717,0.037326812744126386,r1_Im138_prep.png,0
0.002868652343748906,0.020874023437492038,0.005062103271482444,0.10187149047847677,0.05502319335935401,0.17025756835931005,0.04114151000974993,0.08713531494137301,0.4796371459959108,0.036128997802720594,r2_Im230_prep.png,0
0.005809783935544659,0.022388458251944583,0.015239715576166062,0.09755706787105653,0.1503524780272864,0.17945480346672843,0.050853729248027474,0.06690216064450573,0.36192703247056507,0.04951477050779361,r2_Im056_prep.png,0
0.004360198974607711,0.022472381591788302,0.012130737304682872,0.101909637451133,0.14334869384760157,0.17925643920891599,0.04975128173826227,0.0635261535644289,0.38055801391587046,0.042686462402327464,r3_N-41-L_left_half_prep.png,0
0.005825042724607153,0.020122528076164197,0.01658248901366555,0.0997543334960557,0.1714172363280596,0.176570892333917,0.05128479003904294,0.05736160278318124,0.35553359985338,0.045547485351545125,r1_Im055_prep.png,0
0.004341125488279594,0.019321441650383256,0.011867523193354847,0.09539031982418236,0.1585655212401739,0.18349838256828938,0.0452842712402171,0.06477737426755341,0.3757362365721223,0.0412178039550624,r1_Im054_prep.png,0
0.0035476684570298965,0.019363403320305114,0.01058959960937096,0.10015106201168054,0.16368484497064067,0.19007492065422438,0.046974182128888334,0.06152343749997653,0.36670684814439136,0.03738403320311074,r2_Im254_prep.png,0
0.004886627197263761,0.017810821533196332,0.01358032226561982,0.08921813964840347,0.18456268310539833,0.19339370727531685,0.04388046264646764,0.055885314941384934,0.35405349731431807,0.042728424072249326,r2_Im032_prep.png,0
0.0054435729980447985,0.019191741943352054,0.013874053955072832,0.09473037719722949,0.19179153442375496,0.1845893859862577,0.047245025634747605,0.05567169189451001,0.34616088867174294,0.04130172729490612,r2_Im222_prep.png,0
0.002525329589842787,0.015823364257806463,0.00905990600585592,0.10116958618160203,0.17116165161126284,0.20312118530265688,0.04251861572264003,0.05846023559568082,0.3659553527830635,0.030204772949207228,r2_Im044_prep.png,0
0.003955841064451616,0.019920349121086152,0.011199951171870727,0.10069274902339909,0.15350723266595706,0.18292999267571147,0.046588897705060354,0.06241607666013244,0.3798675537107926,0.038921356201157026,r1_Im163_prep.png,0
0.0017967224121086896,0.018974304199211513,0.002445220947264692,0.09770965576168147,0.034729003906236754,0.15502929687494085,0.0275917053222551,0.08986282348629385,0.5428161621091679,0.02904510498045767,r3_N-78-R_left_half_prep.png,0
0.00511169433593555,0.018535614013664804,0.014816284179681848,0.09993743896480563,0.18804550170891265,0.18691635131828807,0.048820495605450126,0.053943634033182544,0.34288787841783797,0.04098510742185937,r2_Im196_prep.png,0
0.004184722900389029,0.016674041748040516,0.013031005859370028,0.09418487548824532,0.20320129394523498,0.1918945312499268,0.04432678222654559,0.05263137817380805,0.3428649902342442,0.03700637817381401,r1_Im023_prep.png,0
0.0035057067871080375,0.018516540527336686,0.011077880859370774,0.09947204589839956,0.17901611328118172,0.1944084167479727,0.04733657836912257,0.057468414306618705,0.3535194396971308,0.03567886352537702,r2_Im104_prep.png,0
0.005149841308591785,0.021129608154288815,0.015026092529291143,0.1037750244140229,0.1735877990721994,0.17450332641594907,0.05181884765623023,0.056236267089822295,0.35463714599595847,0.044136047363264416,r3_N-47-L_left_half_prep.png,0
0.00415420532226404,0.01794052124022753,0.013198852539057466,0.10208892822261731,0.20089721679679837,0.188426971435475,0.04778289794920052,0.05031967163084018,0.3385581970213552,0.0366325378417829,r2_Im130_prep.png,0
0.003585815429686132,0.0191345214843677,0.011768341064448636,0.10363769531246046,0.1607398986815793,0.18623352050774145,0.048961639404278195,0.05872726440427447,0.3709449768064991,0.03626632690428304,r3_N-31-L_left_half_prep.png,0
0.004222869873045264,0.02193069458006976,0.012310028076167179,0.10502243041988181,0.14276123046869554,0.18361282348625807,0.05256652832029245,0.06465911865231909,0.3708381652830617,0.0420761108398277,r1_Im156_prep.png,0
0.004589080810545125,0.019935607910148645,0.013866424560541586,0.10194778442378924,0.16062164306634497,0.1811561584471965,0.04886627197263761,0.05867385864255574,0.3695640563963434,0.04077911376951569,r3_N-36-R_left_half_prep.png,0
0.003555297851561144,0.018280029296868026,0.011791229248042377,0.09927368164058713,0.1662330627440772,0.19509124755851934,0.04525375366209211,0.05953216552732104,0.3632011413572833,0.03778839111326684,r2_Im178_prep.png,0
0.005573272705075999,0.019031524658195863,0.01667022705077489,0.09726333618160352,0.2049560546874218,0.17722320556633864,0.05015563964841837,0.050380706787090154,0.335216522216669,0.04352951049803027,r2_Im216_prep.png,0
0.004005432128904722,0.01860809326171165,0.012428283691401509,0.10189819335933613,0.17924880981438474,0.19059371948234916,0.048034667968731674,0.056488037109353455,0.34916687011705433,0.03952789306639117,r2_Im070_prep.png,0
0.004570007324217007,0.02236175537108522,0.011157989501948868,0.10073089599605532,0.11360168457026916,0.17196655273430939,0.04675292968748217,0.07154083251950395,0.4127540588377332,0.04456329345701425,r3_N-2-R_left_half_prep.png,0
0.004169464111326534,0.018611907958977277,0.014163970947260221,0.10197067260738298,0.18265151977532096,0.18688583374016307,0.04946136474607488,0.05332183837888591,0.35050582885728815,0.03825759887693853,r1_Im028_prep.png,0
0.006309509277341343,0.01957321166991441,0.017959594726555648,0.10415267944331964,0.19357681274406677,0.18106079101555594,0.052627563476542426,0.0481033325195129,0.3354110717772158,0.04122543334959365,r3_N-72-R_left_half_prep.png,0
0.004302978515623359,0.017021179199212255,0.014362335205072647,0.10043334960933668,0.18715667724602236,0.1898536682128182,0.04805755615232542,0.05317687988279222,0.34933853149400734,0.03629684448240803,r1_Im029_prep.png,0
0.00366973876952985,0.019508361816398808,0.011795043945308,0.10118865966793016,0.15484619140619094,0.19804000854484632,0.050991058349589925,0.060508728027320664,0.3607940673826749,0.038658142089829005,r2_Im146_prep.png,0
0.0037498474121079447,0.02165222167967924,0.01087951660155835,0.10144805908199254,0.13793182373041613,0.1821403503417274,0.049949645996074696,0.06583404541013113,0.3841590881346191,0.042255401611312006,r1_Im168_prep.png,0
0.0033912658691393313,0.02171325683592922,0.008872985839840366,0.10032653808589923,0.10258865356441399,0.18341064453118003,0.047946929931622334,0.07486343383786206,0.4171714782713252,0.03971481323240673,r2_Im228_prep.png,0
0.003471374511717426,0.01568984985350964,0.011508941650386234,0.09540557861324485,0.19062805175773978,0.19498443603508187,0.040813446044906304,0.05792236328122791,0.35693359374986383,0.03264236450194067,r1_Im060_prep.png,0
0.004840850830076278,0.020240783691398527,0.014404296874994504,0.10515213012691302,0.18096923828118097,0.179580688476494,0.050754547119121265,0.05554962158201006,0.3488807678221325,0.03962707519529738,r3_N-5-L_left_half_prep.png,0
0.004257202148435876,0.018737792968742853,0.013362884521479277,0.1020393371581642,0.16188430786126637,0.19397735595695725,0.05042648315427764,0.0598182678222428,0.3556785583494737,0.03981781005857856,r2_Im242_prep.png,0
0.004516601562498277,0.02159881591796051,0.01206207275390165,0.102558135986289,0.1343803405761206,0.18054580688469676,0.04786300659177862,0.07012557983395762,0.3816184997557138,0.04473114013670169,r2_Im164_prep.png,0
0.0037155151367173327,0.022937774658194375,0.009395599365230791,0.10345458984371053,0.10616302490230325,0.174655914306574,0.047279357910138216,0.07566452026364301,0.415927886962732,0.04080581665037506,r3_N-67-L_left_half_prep.png,0
0.0031166076660144363,0.020107269287101704,0.008399963378903046,0.0982971191405875,0.11188125610347295,0.1905517578124273,0.04478073120115479,0.07435989379879976,0.4107246398924215,0.03778076171873559,r2_Im112_prep.png,0
0.005084991455076186,0.02094268798827326,0.01389312744140095,0.09758758544918153,0.15456771850580042,0.1899681091307869,0.05029678344724644,0.06401062011716308,0.35800170898423844,0.04564666748045134,r2_Im088_prep.png,0
0.005435943603513551,0.020515441894523423,0.015090942382806742,0.10044860839839918,0.17559814453118303,0.17652511596672954,0.050605773925761946,0.056190490722634816,0.3558387756346299,0.04375076293943644,r3_N-23-L_left_half_prep.png,0
0.004158020019529664,0.022392272949210208,0.011856079101557978,0.10066604614253973,0.13121414184565308,0.1787567138671193,0.048839569091778244,0.06774902343747416,0.3915100097654757,0.04285812377928053,r3_N-91-L_left_half_prep.png,0
0.00559616088866974,0.020301818847648506,0.01507568359374425,0.09455871582027643,0.17488098144524578,0.18376541137688301,0.0492706298827937,0.059394836425758595,0.35160064697252214,0.045555114746076375,r2_Im052_prep.png,0
0.0037002563476548384,0.018623352050774145,0.011917114257807953,0.1010017395019146,0.15971374511712658,0.19285583496086392,0.046440124511701035,0.06071853637692996,0.3654174804686106,0.03961181640623489,r2_Im234_prep.png,0
0.0032997131347643665,0.022148132324210302,0.006992340087887958,0.09745025634761907,0.07328414916989393,0.16884994506829495,0.040287017822250255,0.08279037475582779,0.46442413330060406,0.04047393798826581,r3_N-24-R_left_half_prep.png,0
0.0050659179687480675,0.023174285888663035,0.011772155761714259,0.09946823120113393,0.12082672119136016,0.18373489379875804,0.049800872802715376,0.07217407226559747,0.3867149353025868,0.04726791381834134,r2_Im066_prep.png,0
0.00474548339843569,0.0223426818847571,0.012981414794916922,0.09992599487300875,0.1420402526854927,0.1816368103026651,0.051410675048808516,0.06708908081052128,0.3719139099119675,0.045913696289044986,r2_Im200_prep.png,0
0.0040016174316390984,0.021785736083976066,0.008182525634762504,0.09762954711910338,0.08084487915035979,0.16277694702142229,0.03863906860350089,0.07844543457028258,0.46649551391583766,0.04119873046873428,r3_N-52-R_left_half_prep.png,0
0.0026931762695302226,0.015102386474603614,0.00769424438476269,0.09545898437496358,0.1080169677733963,0.18799972534172515,0.03469848632811176,0.07375335693356562,0.4444885253904554,0.030094146728504145,r1_Im001_prep.png,0
0.0033645629882799663,0.020572662353507777,0.008987426757809072,0.10130691528316448,0.09537124633785424,0.1858863830565697,0.0467910766601384,0.07868576049801686,0.4163093566892943,0.0427246093749837,r2_Im126_prep.png,0
0.00336837768554559,0.019054412841789607,0.011806488037104872,0.10679626464839675,0.16257858276360987,0.18748474121086597,0.04885864257810636,0.058975219726540004,0.3666267395018133,0.03445053100584623,r1_Im108_prep.png,0
0.004161834716795288,0.02080154418944519,0.010311126708980442,0.10041046142574295,0.12065887451167272,0.1857376098632104,0.047508239746075626,0.0714988708495821,0.39730834960922345,0.04160308837889038,r2_Im058_prep.png,0
0.003780364990232933,0.02139282226561684,0.007827758789059515,0.10324096679683561,0.08987808227535633,0.1675300598143892,0.04111099243162494,0.07905578613278234,0.44721221923811066,0.03897094726561014,r3_N-11-L_left_half_prep.png,0
0.006397247314450684,0.019767761230461207,0.018852233886711558,0.10174560546871118,0.2003555297850798,0.17302703857415275,0.05226898193357381,0.04916763305662187,0.3333206176756541,0.04509735107420155,r3_N-16-R_left_half_prep.png,0
0.003528594970701779,0.018672943115227252,0.00986862182616811,0.0862579345702796,0.1110153198241764,0.20349121093742237,0.040821075439437554,0.07032775878903567,0.41370773315413906,0.042308807373030735,r2_Im011_prep.png,0
0.0031547546386706715,0.019191741943352054,0.010200500488277359,0.10342407226558555,0.13616943359369804,0.18162918090813385,0.04601669311521682,0.06582260131833427,0.39905929565414466,0.035331726074205275,r1_Im137_prep.png,0
0.00390624999999851,0.020816802978507683,0.011909484863276707,0.10131835937496135,0.14149475097650852,0.18543624877922613,0.049251556396465584,0.06609344482419353,0.3769912719725124,0.042781829833968055,r2_Im118_prep.png,0
0.004592895507810748,0.021591186523429264,0.013038635253901277,0.10170364379878932,0.11705398559565847,0.17188644409173132,0.04716873168943513,0.06962966918942656,0.41056060790999965,0.042774200439436805,r3_N-71-L_left_half_prep.png,0
0.004230499267576511,0.01589584350585331,0.013439178466791749,0.0949592590331669,0.17081069946282545,0.1956024169921129,0.04475784301756105,0.05851745605466518,0.364349365234236,0.03743743896482947,r2_Im022_prep.png,0
0.004726409912107572,0.017784118652336967,0.014682769775385024,0.0976486206054315,0.19971084594718944,0.18603515624992903,0.04963302612302794,0.05125045776365232,0.33850860595690213,0.04001998901365661,r2_Im244_prep.png,0
0.004570007324217007,0.020557403564445284,0.013057708740229395,0.09993743896480563,0.1484565734862715,0.1767616271971982,0.04772186279295054,0.06339645385739769,0.3830833435057132,0.042457580566390055,r3_N-1-L_left_half_prep.png,0
0.0032272338867175188,0.021755218505851076,0.010559082031245972,0.10530853271480357,0.13011169433588787,0.18733596801750665,0.05253601074216746,0.0667839050292714,0.3831138610838382,0.03926849365232877,r3_N-76-R_left_half_prep.png,0
0.002914428710936388,0.016170501708978206,0.010833740234370868,0.09581375122066657,0.1696662902831384,0.19795227050773698,0.042484283447249416,0.06114196777341418,0.3687858581541562,0.034236907958971316,r1_Im032_prep.png,0
0.0030784606933582006,0.01565551757811903,0.010673522949214679,0.10287857055660138,0.1669616699218113,0.1985855102538305,0.041179656982406165,0.06394577026364748,0.36406707763657986,0.03297424316404992,r1_Im033_prep.png,0
0.006008148193357083,0.0191993713378833,0.015319824218744156,0.09663009643551002,0.18775939941399086,0.1862068176268821,0.04888916015623135,0.05438613891599488,0.34407043457018127,0.041530609130843534,r2_Im186_prep.png,0
0.004524230957029524,0.020999908447257614,0.012454986572260874,0.10032653808589923,0.14173126220697718,0.189075469970631,0.0511817932128711,0.06464385986325659,0.3726158142088422,0.04244613647459318,r2_Im114_prep.png,0
0.0044479370117170534,0.019989013671867374,0.014663696289056906,0.10621643066402198,0.1760330200194641,0.1836318969725862,0.05251312255857372,0.053188323974589086,0.3502693176268195,0.0390472412109226,r3_N-74-L_left_half_prep.png,0
0.004356384277342088,0.019889831542961162,0.01280593872069824,0.09865951538082174,0.17782211303704154,0.18638992309563202,0.04713439941404452,0.058765411376930705,0.3531532287596309,0.0410232543945156,r2_Im054_prep.png,0
0.004314422607420229,0.02068328857421086,0.012348175048823415,0.09947967529293081,0.1504821777343176,0.1898078918456307,0.04935836791990304,0.06480789184567841,0.36749649047837546,0.041221618652328026,r2_Im232_prep.png,0
0.0020904541015617025,0.0215644836425699,0.0034294128417955666,0.0968704223632443,0.03517913818358033,0.15053939819330195,0.03108978271483189,0.08946990966793462,0.536087036132608,0.033679962158190274,r3_N-80-R_left_half_prep.png,0
0.0048255920410137845,0.020858764648429545,0.014438629150385117,0.10489273071285062,0.13824081420893164,0.1765861511229795,0.050449371337871377,0.06399154663083496,0.382366180419776,0.043350219726545965,r3_N-35-L_left_half_prep.png,0
0.005241394042966751,0.02249145507811642,0.01275253295897951,0.10356903076167924,0.11341094970698799,0.17688369750969815,0.04903411865232504,0.07242965698239424,0.3987693786619573,0.045417785644513924,r1_Im146_prep.png,0
